0 111
6 103
9 100
11 99
21 70
30 107
33 76
38 104
40 120
48 74
53 99
59 86
61 117
70 78
73 82
79 82
88 71
97 105
106 90
115 116
119 111
121 105
126 119
133 84
138 89
145 74
150 120
157 65
163 105
167 113
168 88
178 99
186 75
190 83
197 90
200 98
210 93
219 103
225 113
233 112
241 95
247 73
253 79
257 120
261 74
267 120
268 73
269 105
270 101
275 78
281 82
284 106
286 115
290 97
292 96
300 81
302 110
303 81
311 91
319 116
323 110
327 74
334 84
342 118
345 92
347 102
351 81
356 75
362 96
364 97
370 113
374 97
378 78
386 117
390 101
391 72
397 105
403 112
412 107
418 113
426 115
434 89
437 104
440 96
443 74
452 72
459 89
466 91
475 108
485 106
493 103
497 94
505 102
511 92
520 111
523 80
533 105
540 80
550 130
554 99
560 83
570 73
572 81
582 73
585 100
592 77
596 92
606 115
611 94
618 114
625 100
629 81
634 105
644 102
649 72
658 92
664 94
670 78
671 115
681 86
682 94
690 108
691 91
700 102
709 118
716 116
719 97
723 104
729 79
737 86
742 87
751 86
754 104
764 74
767 113
770 112
778 76
782 81
790 73
799 73
800 87
809 99
816 101
825 87
826 102
834 83
835 101
840 88
841 94
848 73
856 89
866 92
869 79
872 90
873 120
882 92
892 89
897 77
899 116
908 104
910 102
919 112
928 83
929 99
930 78
932 95
934 81
941 104
945 109
949 118
958 73
968 111
976 84
978 116
983 74
990 106
994 95
995 107
997 112
1004 119
1009 94
1010 74
1013 106
1021 99
1025 119
1035 85
1036 78
1044 90
1050 81
1051 107
1061 115
1063 110
1066 74
1076 115
1078 91
1086 90
1093 88
1095 100
1103 107
1112 108
1113 115
1120 79
1128 94
1129 98
1134 119
1144 74
1146 86
1149 118
1155 84
1164 74
1172 112
1176 96
1184 101
1194 79
1203 77
1209 101
1217 105
1226 108
1231 83
1233 119
1237 113
1242 97
1251 104
1257 81
1264 89
1273 80
1280 98
1289 79
1292 84
1300 85
1307 116
1314 78
1323 84
1331 77
1333 100
1341 87
1343 117
1344 112
1350 90
1355 92
1364 75
1369 108
1379 73
1388 108
1392 93
1393 88
1395 97
1405 113
1415 91
1420 115
1422 75
1423 96
1429 117
1433 76
1434 83
1437 101
1446 96
1450 111
1457 74
1458 113
1466 104
1474 88
1483 95
1490 84
1496 102
1498 111
1503 103
1507 94
1511 94
1512 108
1521 109
1530 101
1537 93
1540 104
1545 100
1547 93
1550 91
1558 115
1565 96
1571 96
1581 113
1584 111
1586 74
1594 82
1596 120
1598 110
1599 118
1603 117
1609 97
1618 90
1621 80
1627 93
1636 93
1637 80
1641 117
1649 90
1659 101
1668 91
1673 117
1682 81
1683 105
1689 90
1693 95
1696 94
1706 86
1707 82
1714 104
1720 84
1729 109
1731 91
1741 116
1749 91
1754 91
1760 118
1766 111
1772 84
1778 112
1787 78
1790 79
1792 108
1797 104
1804 102
1814 89
1820 117
1825 86
1832 96
1838 88
1848 99
1849 80
1854 90
1858 77
1867 103
1877 99
1878 85
1886 110
1887 94
1889 119
1897 80
1905 110
1912 81
1919 104
1928 87
1932 91
1942 80
1948 95
1957 74
1958 118
1960 87
1964 117
1973 80
1975 99
1976 96
1981 79
1984 118
1989 117
1994 106
2001 102
2008 95
2014 117
2021 86
2028 113
2029 113
2035 86
2041 88
2048 87
2057 84
2059 91
2069 113
2075 112
2081 91
2090 108
2095 115
2098 76
2105 116
2112 81
2117 112
2120 75
2122 115
2130 109
2135 84
2138 117
2146 117
2147 81
2150 98
2155 99
2158 89
2161 112
2164 79
2169 79
2174 97
2175 110
2182 107
2184 112
2186 84
2193 100
2195 97
2197 115
2198 118
2207 119
2209 104
2215 80
2217 112
2220 114
2224 98
2230 97
2238 88
2245 97
2250 81
2259 87
2264 112
2271 87
2274 98
2279 114
2287 80
2293 81
2301 82
2308 92
2309 80
2315 80
2319 89
2326 111
2336 103
2343 90
2346 109
2348 91
2358 106
2359 111
2361 90
2366 97
2367 95
2373 110
2377 118
2379 87
2383 99
2387 83
2393 118
2397 91
2407 107
2415 79
2419 107
2426 106
2436 115
2439 86
2447 96
2456 76
2464 109
2472 82
2476 97
2481 113
2488 76
2495 85
2499 98
2501 87
2505 75
2514 113
2516 92
2520 91
2522 80
2532 75
2539 100
2543 88
2550 90
2553 85
2557 97
2566 111
2576 98
2578 117
2579 84
2587 110
2597 109
2605 81
2610 107
2613 99
2616 92
2621 108
2622 84
2629 97
2630 115
2635 88
2638 92
2643 103
2651 80
2655 88
2661 98
2665 78
2674 99
2676 112
2684 95
2686 91
2691 99
2698 76
2708 109
2713 81
2719 103
2723 81
2733 99
2741 105
2745 81
2755 105
2758 80